(-35 -21 77)
(35 -21 77)
(-21 -21 35)
(21 -21 35)
(-35 -21 -49)
(35 -21 -49)
(-21 -35 21)
(21 -35 21)
(-21 -77 -63)
(21 -77 -63)
(-7 21 -35)
(7 21 -35)
(-49 -91 -7)
(49 -91 -7)
(-21 -35 -63)
(21 -35 -63)
(-21 7 77)
(21 7 77)
(-21 -77 63)
(21 -77 63)
(-7 -77 63)
(7 -77 63)
(-21 21 -35)
(21 21 -35)
(-21 35 63)
(21 35 63)
(-49 -91 7)
(49 -91 7)
(-63 -7 49)
(63 -7 49)
(-49 -77 -49)
(49 -77 -49)
(-35 -49 21)
(35 -49 21)
(-21 -35 35)
(21 -35 35)
(-63 -63 -21)
(63 -63 -21)
(-49 -49 63)
(49 -49 63)
(-35 -49 -63)
(35 -49 -63)
(-7 -21 -63)
(7 -21 -63)
(-21 63 35)
(21 63 35)
(-7 49 -35)
(7 49 -35)
(-7 7 -35)
(7 7 -35)
(-21 -91 -49)
(21 -91 -49)
(-49 35 -21)
(49 35 -21)
(-35 -91 35)
(35 -91 35)
(-35 -49 7)
(35 -49 7)
(-21 -49 21)
(21 -49 21)
(-63 -49 49)
(63 -49 49)
(-49 -7 63)
(49 -7 63)
(-35 -21 35)
(35 -21 35)
(-35 21 63)
(35 21 63)
(-35 -35 -49)
(35 -35 -49)
(-21 63 -21)
(21 63 -21)
(-7 -35 -63)
(7 -35 -63)
(-63 -63 35)
(63 -63 35)
(-21 35 21)
(21 35 21)
(-35 -91 -35)
(35 -91 -35)
(-7 -7 -49)
(7 -7 -49)
(-35 -7 35)
(35 -7 35)
(-35 63 21)
(35 63 21)
(-21 -49 35)
(21 -49 35)
(-49 7 -49)
(49 7 -49)
(-7 35 -35)
(7 35 -35)
(-63 21 7)
(63 21 7)
(-63 21 21)
(63 21 21)
(-7 -105 -7)
(7 -105 -7)
(-7 7 77)
(7 7 77)
(-21 -21 49)
(21 -21 49)
(-49 21 -35)
(49 21 -35)
(-7 -63 -63)
(7 -63 -63)
(-21 49 49)
(21 49 49)
(-7 -105 7)
(7 -105 7)
(-21 -21 21)
(21 -21 21)
(-21 7 -49)
(21 7 -49)
(-21 -105 7)
(21 -105 7)
(-21 -7 21)
(21 -7 21)
(-21 7 21)
(21 7 21)
(-49 49 21)
(49 49 21)
(-21 -105 -7)
(21 -105 -7)
(-35 -63 -63)
(35 -63 -63)
(-21 35 -7)
(21 35 -7)
(-35 -35 35)
(35 -35 35)
(-35 49 -21)
(35 49 -21)
(-49 -35 63)
(49 -35 63)
(-63 -21 49)
(63 -21 49)
(-63 7 -21)
(63 7 -21)
(-21 -49 77)
(21 -49 77)
(-21 21 35)
(21 21 35)
(-49 21 49)
(49 21 49)
(-7 35 63)
(7 35 63)
(-63 7 35)
(63 7 35)
(-21 -7 77)
(21 -7 77)
(-35 -35 7)
(35 -35 7)
(-63 -21 -35)
(63 -21 -35)
(-49 -35 -35)
(49 -35 -35)
(-7 63 35)
(7 63 35)
(-7 -49 77)
(7 -49 77)
(-35 -35 21)
(35 -35 21)
(-49 -21 63)
(49 -21 63)
(-35 -63 63)
(35 -63 63)
(-35 -63 7)
(35 -63 7)
(-63 -35 49)
(63 -35 49)
(-21 -35 77)
(21 -35 77)
(-21 -21 -49)
(21 -21 -49)
(-35 -7 21)
(35 -7 21)
(-21 -21 77)
(21 -21 77)
(-49 -7 -49)
(49 -7 -49)
(-7 -35 21)
(7 -35 21)
(-7 -7 -35)
(7 -7 -35)
(-63 -7 -35)
(63 -7 -35)
(-35 7 21)
(35 7 21)
(-21 -49 -63)
(21 -49 -63)
(-21 -35 49)
(21 -35 49)
(-63 7 -7)
(63 7 -7)
(-49 35 35)
(49 35 35)
(-63 -63 21)
(63 -63 21)
(-21 49 7)
(21 49 7)
(-7 -49 -63)
(7 -49 -63)
(-35 -63 21)
(35 -63 21)
(-7 7 21)
(7 7 21)
(-35 -91 -21)
(35 -91 -21)
(-7 -91 35)
(7 -91 35)
(-35 21 21)
(35 21 21)
(-21 -63 -63)
(21 -63 -63)
(-49 -77 -35)
(49 -77 -35)
(-49 -77 -21)
(49 -77 -21)
(-49 -77 35)
(49 -77 35)
(-21 -91 35)
(21 -91 35)
(-21 49 -7)
(21 49 -7)
(-35 -77 49)
(35 -77 49)
(-63 -63 -7)
(63 -63 -7)
(-49 -49 -49)
(49 -49 -49)
(-21 -7 49)
(21 -7 49)
(-21 -7 -49)
(21 -7 -49)
(-35 35 49)
(35 35 49)
(-7 -7 77)
(7 -7 77)
(-7 -21 -49)
(7 -21 -49)
(-35 -49 35)
(35 -49 35)
(-21 -49 49)
(21 -49 49)
(-7 63 -21)
(7 63 -21)
(-7 49 49)
(7 49 49)
(-35 35 7)
(35 35 7)
(-7 21 7)
(7 21 7)
(-7 -35 77)
(7 -35 77)
(-21 -77 7)
(21 -77 7)
(-7 -7 21)
(7 -7 21)
(-21 49 -21)
(21 49 -21)
(-35 49 35)
(35 49 35)
(-63 -63 7)
(63 -63 7)
(-7 -91 -35)
(7 -91 -35)
(-35 35 -21)
(35 35 -21)
(-7 -7 -21)
(7 -7 -21)
(-35 21 -35)
(35 21 -35)
(-21 -7 7)
(21 -7 7)
(-7 -21 77)
(7 -21 77)
(-35 63 7)
(35 63 7)
(-7 -21 21)
(7 -21 21)
(-35 63 -7)
(35 63 -7)
(-35 -91 21)
(35 -91 21)
(-49 49 -7)
(49 49 -7)
(-21 -21 7)
(21 -21 7)
(-49 49 7)
(49 49 7)
(-35 -21 21)
(35 -21 21)
(-35 7 -49)
(35 7 -49)
(-63 7 7)
(63 7 7)
(-63 7 21)
(63 7 21)
(-35 7 63)
(35 7 63)
(-49 -63 49)
(49 -63 49)
(-35 -77 7)
(35 -77 7)
(-21 21 7)
(21 21 7)
(-7 -35 7)
(7 -35 7)
(-63 -7 35)
(63 -7 35)
(-49 21 -21)
(49 21 -21)
(-21 -35 -49)
(21 -35 -49)
(-63 -49 -21)
(63 -49 -21)
(-21 -21 -35)
(21 -21 -35)
(-21 -63 35)
(21 -63 35)
(-21 7 49)
(21 7 49)
(-35 7 35)
(35 7 35)
(-21 21 63)
(21 21 63)
(-7 -21 -35)
(7 -21 -35)
(-21 -21 63)
(21 -21 63)
(-21 -77 21)
(21 -77 21)
(-7 21 21)
(7 21 21)
(-21 -21 -7)
(21 -21 -7)
(-49 -35 -7)
(49 -35 -7)
(-21 -91 7)
(21 -91 7)
(-21 -49 -35)
(21 -49 -35)
(-35 -49 -7)
(35 -49 -7)
(-49 -63 -49)
(49 -63 -49)
(-63 -49 35)
(63 -49 35)
(-49 -7 21)
(49 -7 21)
(-35 -21 49)
(35 -21 49)
(-21 -49 7)
(21 -49 7)
(-35 -49 63)
(35 -49 63)
(-21 63 21)
(21 63 21)
(-35 -7 -49)
(35 -7 -49)
(-21 -91 -35)
(21 -91 -35)
(-21 49 21)
(21 49 21)
(-35 -21 63)
(35 -21 63)
(-21 -35 63)
(21 -35 63)
(-21 -63 63)
(21 -63 63)
(-35 35 21)
(35 35 21)
(-21 -35 7)
(21 -35 7)
(-49 7 49)
(49 7 49)
(-35 -35 -7)
(35 -35 -7)
(-35 -35 63)
(35 -35 63)
(-7 7 7)
(7 7 7)
(-35 -91 -7)
(35 -91 -7)
(-21 -77 49)
(21 -77 49)
(-21 35 35)
(21 35 35)
(-21 -63 21)
(21 -63 21)
(-49 -35 35)
(49 -35 35)
(-7 35 7)
(7 35 7)
(-35 -91 7)
(35 -91 7)
(-21 -91 21)
(21 -91 21)
(-35 -63 -7)
(35 -63 -7)
(-35 -63 35)
(35 -63 35)
(-7 -77 49)
(7 -77 49)
(-35 21 35)
(35 21 35)
(-21 -63 49)
(21 -63 49)
(-21 35 -21)
(21 35 -21)
(-35 -21 -7)
(35 -21 -7)
(-35 35 -7)
(35 35 -7)
(-49 -21 35)
(49 -21 35)
(-21 -35 -35)
(21 -35 -35)
(-7 63 21)
(7 63 21)
(-35 -7 63)
(35 -7 63)
(-49 -21 -35)
(49 -21 -35)
(-7 -91 -21)
(7 -91 -21)
(-63 -7 21)
(63 -7 21)
(-49 -49 -7)
(49 -49 -7)
(-7 -63 63)
(7 -63 63)
(-7 7 -21)
(7 7 -21)
(-49 -77 21)
(49 -77 21)
(-21 -49 63)
(21 -49 63)
(-35 -77 -7)
(35 -77 -7)
(-7 -91 21)
(7 -91 21)
(-63 -21 35)
(63 -21 35)
(-7 -35 -49)
(7 -35 -49)
(-7 -21 -21)
(7 -21 -21)
(-21 -91 -7)
(21 -91 -7)
(-7 -7 35)
(7 -7 35)
(-35 -35 49)
(35 -35 49)
(-49 -77 -7)
(49 -77 -7)
(-21 63 7)
(21 63 7)
(-7 -77 -49)
(7 -77 -49)
(-7 21 63)
(7 21 63)
(-21 63 -7)
(21 63 -7)
(-35 49 -7)
(35 49 -7)
(-63 -35 35)
(63 -35 35)
(-35 -35 -35)
(35 -35 -35)
(-35 -7 49)
(35 -7 49)
(-7 -21 63)
(7 -21 63)
(-7 -35 63)
(7 -35 63)
(-21 21 -7)
(21 21 -7)
(-49 -21 -21)
(49 -21 -21)
(-49 -49 7)
(49 -49 7)
(-21 21 49)
(21 21 49)
(-49 -7 35)
(49 -7 35)
(-21 -63 -35)
(21 -63 -35)
(-21 -7 -7)
(21 -7 -7)
(-49 35 21)
(49 35 21)
(-63 -7 -21)
(63 -7 -21)
(-49 21 35)
(49 21 35)
(-49 35 -7)
(49 35 -7)
(-49 -49 35)
(49 -49 35)
(-21 -91 -21)
(21 -91 -21)
(-35 -77 21)
(35 -77 21)
(-49 -7 49)
(49 -7 49)
(-21 35 49)
(21 35 49)
(-49 -77 7)
(49 -77 7)
(-63 -7 7)
(63 -7 7)
(-21 -7 63)
(21 -7 63)
(-21 49 35)
(21 49 35)
(-7 -35 -35)
(7 -35 -35)
(-21 7 -35)
(21 7 -35)
(-63 -7 -7)
(63 -7 -7)
(-35 49 7)
(35 49 7)
(-35 7 49)
(35 7 49)
(-49 -21 49)
(49 -21 49)
(-35 -21 -35)
(35 -21 -35)
(-21 -77 -7)
(21 -77 -7)
(-7 -7 -7)
(7 -7 -7)
(-21 7 63)
(21 7 63)
(-7 63 7)
(7 63 7)
(-21 -77 35)
(21 -77 35)
(-63 -49 21)
(63 -49 21)
(-49 35 7)
(49 35 7)
(-7 7 35)
(7 7 35)
(-7 63 -7)
(7 63 -7)
(-49 -7 -21)
(49 -7 -21)
(-49 -21 -7)
(49 -21 -7)
(-35 21 49)
(35 21 49)
(-7 -49 7)
(7 -49 7)
(-21 -63 7)
(21 -63 7)
(-21 7 7)
(21 7 7)
(-7 49 35)
(7 49 35)
(-63 -35 -21)
(63 -35 -21)
(-49 7 21)
(49 7 21)
(-35 -21 7)
(35 -21 7)
(-49 21 -7)
(49 21 -7)
(-7 -49 -35)
(7 -49 -35)
(-7 35 49)
(7 35 49)
(-35 -63 49)
(35 -63 49)
(-7 -35 -7)
(7 -35 -7)
(-35 -77 35)
(35 -77 35)
(-35 -77 -49)
(35 -77 -49)
(-49 -49 49)
(49 -49 49)
(-49 -35 7)
(49 -35 7)
(-49 -21 21)
(49 -21 21)
(-35 -49 49)
(35 -49 49)
(-7 21 49)
(7 21 49)
(-7 -49 63)
(7 -49 63)
(-49 -49 21)
(49 -49 21)
(-7 -49 21)
(7 -49 21)
(-7 35 -7)
(7 35 -7)
(-49 -35 21)
(49 -35 21)
(-7 -21 35)
(7 -21 35)
(-7 -7 63)
(7 -7 63)
(-63 -21 21)
(63 -21 21)
(-49 -35 49)
(49 -35 49)
(-7 -91 7)
(7 -91 7)
(-7 35 35)
(7 35 35)
(-63 -49 -7)
(63 -49 -7)
(-35 21 -21)
(35 21 -21)
(-49 21 21)
(49 21 21)
(-35 49 21)
(35 49 21)
(-35 21 7)
(35 21 7)
(-7 7 49)
(7 7 49)
(-7 7 63)
(7 7 63)
(-49 -49 -35)
(49 -49 -35)
(-35 35 35)
(35 35 35)
(-63 -35 21)
(63 -35 21)
(-7 49 21)
(7 49 21)
(-49 7 -35)
(49 7 -35)
(-7 -21 -7)
(7 -21 -7)
(-21 21 -21)
(21 21 -21)
(-49 -63 35)
(49 -63 35)
(-63 -21 -21)
(63 -21 -21)
(-63 -49 7)
(63 -49 7)
(-63 -21 7)
(63 -21 7)
(-35 -7 -21)
(35 -7 -21)
(-7 -91 -7)
(7 -91 -7)
(-7 -7 49)
(7 -7 49)
(-49 21 7)
(49 21 7)
(-7 21 -7)
(7 21 -7)
(-7 49 -21)
(7 49 -21)
(-49 7 35)
(49 7 35)
(-7 -21 49)
(7 -21 49)
(-7 -63 49)
(7 -63 49)
(-7 21 35)
(7 21 35)
(-49 -35 -21)
(49 -35 -21)
(-35 -49 -49)
(35 -49 -49)
(-7 -35 -21)
(7 -35 -21)
(-7 35 21)
(7 35 21)
(-7 -77 35)
(7 -77 35)
(-7 49 -7)
(7 49 -7)
(-21 -49 -49)
(21 -49 -49)
(-7 -35 35)
(7 -35 35)
(-7 -77 21)
(7 -77 21)
(-49 -63 7)
(49 -63 7)
(-7 -7 7)
(7 -7 7)
(-63 -35 7)
(63 -35 7)
(-49 -21 7)
(49 -21 7)
(-7 -49 49)
(7 -49 49)
(-49 -7 -35)
(49 -7 -35)
(-63 -35 -7)
(63 -35 -7)
(-7 -35 49)
(7 -35 49)
(-21 -21 -21)
(21 -21 -21)
(-63 -21 -7)
(63 -21 -7)
(-21 -7 -35)
(21 -7 -35)
(-49 -63 -35)
(49 -63 -35)
(-49 -63 21)
(49 -63 21)
(-7 49 7)
(7 49 7)
(-7 -49 -7)
(7 -49 -7)
(-49 7 7)
(49 7 7)
(-7 -63 35)
(7 -63 35)
(-35 7 -35)
(35 7 -35)
(-49 7 -21)
(49 7 -21)
(-49 -63 -21)
(49 -63 -21)
(-21 -63 -7)
(21 -63 -7)
(-49 -7 -7)
(49 -7 -7)
(-7 -77 -7)
(7 -77 -7)
(-21 -35 -7)
(21 -35 -7)
(-49 -63 -7)
(49 -63 -7)
(-35 7 -21)
(35 7 -21)
(-21 -77 -49)
(21 -77 -49)
(-7 35 -21)
(7 35 -21)
(-49 7 -7)
(49 7 -7)
(-35 -21 -21)
(35 -21 -21)
(-7 21 -21)
(7 21 -21)
(-35 -7 -35)
(35 -7 -35)
(-7 -49 35)
(7 -49 35)
(-7 -77 7)
(7 -77 7)
(-49 -7 7)
(49 -7 7)
(-7 -63 -7)
(7 -63 -7)
(-35 -49 -35)
(35 -49 -35)
(-21 -63 -49)
(21 -63 -49)
(-7 -63 -35)
(7 -63 -35)
(-21 7 -21)
(21 7 -21)
(-7 7 -7)
(7 7 -7)
(-7 -21 7)
(7 -21 7)
(-7 -49 -49)
(7 -49 -49)
(-35 21 -7)
(35 21 -7)
(-35 7 7)
(35 7 7)
(-7 -63 7)
(7 -63 7)
(-35 -77 -21)
(35 -77 -21)
(-35 -63 -49)
(35 -63 -49)
(-21 -49 -7)
(21 -49 -7)
(-7 -63 -49)
(7 -63 -49)
(-7 -77 -35)
(7 -77 -35)
(-35 -77 -35)
(35 -77 -35)
(-35 -63 -35)
(35 -63 -35)
(-7 -63 21)
(7 -63 21)
(-35 -7 7)
(35 -7 7)
(-35 -35 -21)
(35 -35 -21)
(-7 -77 -21)
(7 -77 -21)
(-49 -49 -21)
(49 -49 -21)
(-35 -7 -7)
(35 -7 -7)
(-21 -77 -35)
(21 -77 -35)
(-21 -35 -21)
(21 -35 -21)
(-7 -49 -21)
(7 -49 -21)
(-21 7 -7)
(21 7 -7)
(-21 -7 -21)
(21 -7 -21)
(-35 7 -7)
(35 7 -7)
(-35 -49 -21)
(35 -49 -21)
(-7 -63 -21)
(7 -63 -21)
(-35 -63 -21)
(35 -63 -21)
(-21 -77 -21)
(21 -77 -21)
(-21 -49 -21)
(21 -49 -21)
(-21 -63 -21)
(21 -63 -21)
